Steven Dorsher

V471 Tauri
For longitude = 6 h and lattitude 45 degrees
For RA = 03 50 24.968, dec = 17 14 47.42
For ephemeris: Min = HDJ2454028.4525509998 + 0.5211834390 E

Local time            Universal Time        Julian Date   HJD             ST            Prec. RA  Prec. Dec   Az.       Alt.		Air M	H Ang	Phase
10/30/2012 07:00:00   10/30/2012 00:00:00   2456230.50000 2456230.50533   08:34:50.5    03 51 09  17 17 05    269 19 42  25 30 59   2.32 4.73  0.101
10/30/2012 17:00:00   10/30/2012 10:00:00   2456230.91667 2456230.92202   18:38:07.6    03 51 09  17 17 05    41 41 13  -17 04 40   -3.41 -9.22  0.901
10/30/2012 18:00:00   10/30/2012 11:00:00   2456230.95833 2456230.96368   19:38:27.3    03 51 09  17 17 05    54 03 10  -09 10 08   -6.28 -8.21  0.981
10/30/2012 19:00:00   10/30/2012 12:00:00   2456231.00000 2456231.00535   20:38:47.0    03 51 09  17 17 05    65 10 49  00 01 29   2322.88 -7.21  0.061
10/30/2012 20:00:00   10/30/2012 13:00:00   2456231.04167 2456231.04702   21:39:06.8    03 51 09  17 17 05    75 33 34  10 03 30   5.73 -6.20  0.141
10/30/2012 21:00:00   10/30/2012 14:00:00   2456231.08333 2456231.08869   22:39:26.5    03 51 09  17 17 05    85 46 51  20 34 03   2.85 -5.20  0.221
10/30/2012 22:00:00   10/30/2012 15:00:00   2456231.12500 2456231.13036   23:39:46.2    03 51 09  17 17 05    96 34 60  31 12 52   1.93 -4.19  0.300
10/30/2012 23:00:00   10/30/2012 16:00:00   2456231.16667 2456231.17202   00:40:05.9    03 51 09  17 17 05    109 01 28  41 36 06   1.51 -3.18  0.380
10/31/2012 01:00:00   10/30/2012 18:00:00   2456231.25000 2456231.25536   02:40:45.3    03 51 09  17 17 05    146 20 11  58 36 47   1.17 -1.17  0.540
10/31/2012 02:00:00   10/30/2012 19:00:00   2456231.29167 2456231.29703   03:41:05.0    03 51 09  17 17 05    174 50 30  62 12 17   1.13 -0.17  0.620
10/31/2012 03:00:00   10/30/2012 20:00:00   2456231.33333 2456231.33870   04:41:24.7    03 51 09  17 17 05    204 49 56  60 21 14   1.15 0.84  0.700
10/31/2012 04:00:00   10/30/2012 21:00:00   2456231.37500 2456231.38037   05:41:44.5    03 51 09  17 17 05    228 47 34  53 55 06   1.24 1.84  0.780
10/31/2012 05:00:00   10/30/2012 22:00:00   2456231.41667 2456231.42203   06:42:04.2    03 51 09  17 17 05    246 11 33  44 54 53   1.42 2.85  0.860
10/31/2012 06:00:00   10/30/2012 23:00:00   2456231.45833 2456231.46370   07:42:23.9    03 51 09  17 17 05    259 30 50  34 44 01   1.76 3.85  0.940
10/31/2012 07:00:00   10/31/2012 00:00:00   2456231.50000 2456231.50537   08:38:47.0    03 51 09  17 17 05    270 01 38  24 49 11   2.38 4.79  0.020
10/31/2012 17:00:00   10/31/2012 10:00:00   2456231.91667 2456231.92205   18:42:04.2    03 51 09  17 17 05    42 32 26  -16 36 37   -3.50 -9.15  0.819
10/31/2012 18:00:00   10/31/2012 11:00:00   2456231.95833 2456231.96372   19:42:23.9    03 51 09  17 17 05    54 48 48  -08 36 07   -6.69 -8.15  0.899
10/31/2012 19:00:00   10/31/2012 12:00:00   2456232.00000 2456232.00539   20:42:43.6    03 51 09  17 17 05    65 52 32  00 39 32   86.95 -7.14  0.979
10/31/2012 20:00:00   10/31/2012 13:00:00   2456232.04167 2456232.04706   21:43:03.3    03 51 09  17 17 05    76 13 31  10 44 03   5.37 -6.13  0.059
10/31/2012 21:00:00   10/31/2012 14:00:00   2456232.08333 2456232.08873   22:43:23.0    03 51 09  17 17 05    86 27 35  21 15 46   2.76 -5.13  0.139
10/31/2012 22:00:00   10/31/2012 15:00:00   2456232.12500 2456232.13039   23:43:42.7    03 51 09  17 17 05    97 19 56  31 54 23   1.89 -4.12  0.219
10/31/2012 23:00:00   10/31/2012 16:00:00   2456232.16667 2456232.17206   00:44:02.4    03 51 09  17 17 05    109 55 48  42 15 31   1.49 -3.12  0.299
11/01/2012 01:00:00   10/31/2012 18:00:00   2456232.25000 2456232.25540   02:44:41.9    03 51 09  17 17 05    148 00 02  58 59 28   1.17 -1.11  0.459
11/01/2012 02:00:00   10/31/2012 19:00:00   2456232.29167 2456232.29707   03:45:01.6    03 51 09  17 17 05    176 51 31  62 15 18   1.13 -0.10  0.539
11/01/2012 03:00:00   10/31/2012 20:00:00   2456232.33333 2456232.33873   04:45:21.3    03 51 09  17 17 05    206 37 33  60 03 05   1.15 0.90  0.619
11/01/2012 04:00:00   10/31/2012 21:00:00   2456232.37500 2456232.38040   05:45:41.0    03 51 09  17 17 05    230 06 20  53 23 19   1.25 1.91  0.699
11/01/2012 05:00:00   10/31/2012 22:00:00   2456232.41667 2456232.42207   06:46:00.7    03 51 09  17 17 05    247 09 41  44 16 29   1.43 2.91  0.779
11/01/2012 06:00:00   10/31/2012 23:00:00   2456232.45833 2456232.46374   07:46:20.4    03 51 09  17 17 05    260 17 40  34 02 51   1.79 3.92  0.859
11/01/2012 07:00:00   11/01/2012 00:00:00   2456232.50000 2456232.50541   08:42:43.6    03 51 09  17 17 05    270 43 19  24 07 22   2.45 4.86  0.939
11/01/2012 17:00:00   11/01/2012 10:00:00   2456232.91667 2456232.92209   18:46:00.7    03 51 09  17 17 05    43 23 14  -16 08 07   -3.60 -9.09  0.738
11/01/2012 18:00:00   11/01/2012 11:00:00   2456232.95833 2456232.96376   19:46:20.4    03 51 09  17 17 05    55 34 06  -08 01 47   -7.16 -8.08  0.818
11/01/2012 19:00:00   11/01/2012 12:00:00   2456233.00000 2456233.00542   20:46:40.1    03 51 09  17 17 05    66 34 04  01 17 48   44.19 -7.07  0.898
11/01/2012 20:00:00   11/01/2012 13:00:00   2456233.04167 2456233.04709   21:46:59.9    03 51 09  17 17 05    76 53 25  11 24 43   5.05 -6.07  0.978
11/01/2012 21:00:00   11/01/2012 14:00:00   2456233.08333 2456233.08876   22:47:19.6    03 51 09  17 17 05    87 08 29  21 57 31   2.67 -5.06  0.058
11/01/2012 22:00:00   11/01/2012 15:00:00   2456233.12500 2456233.13043   23:47:39.3    03 51 09  17 17 05    98 05 17  32 35 49   1.86 -4.06  0.138
11/01/2012 23:00:00   11/01/2012 16:00:00   2456233.16667 2456233.17210   00:47:59.0    03 51 09  17 17 05    110 51 01  42 54 43   1.47 -3.05  0.218
11/02/2012 01:00:00   11/01/2012 18:00:00   2456233.25000 2456233.25543   02:48:38.4    03 51 09  17 17 05    149 41 48  59 21 06   1.16 -1.04  0.378
11/02/2012 02:00:00   11/01/2012 19:00:00   2456233.29167 2456233.29710   03:48:58.1    03 51 09  17 17 05    178 52 49  62 16 52   1.13 -0.04  0.458
11/02/2012 03:00:00   11/01/2012 20:00:00   2456233.33333 2456233.33877   04:49:17.9    03 51 09  17 17 05    208 23 19  59 43 46   1.16 0.97  0.538
11/02/2012 04:00:00   11/01/2012 21:00:00   2456233.37500 2456233.38044   05:49:37.6    03 51 09  17 17 05    231 23 24  52 50 56   1.25 1.97  0.618
11/02/2012 05:00:00   11/01/2012 22:00:00   2456233.41667 2456233.42210   06:49:57.3    03 51 09  17 17 05    248 06 50  43 37 49   1.45 2.98  0.698
11/02/2012 06:00:00   11/01/2012 23:00:00   2456233.45833 2456233.46377   07:50:17.0    03 51 09  17 17 05    261 03 60  33 21 35   1.82 3.99  0.778
11/02/2012 07:00:00   11/02/2012 00:00:00   2456233.50000 2456233.50544   08:46:40.1    03 51 09  17 17 05    271 24 48  23 25 33   2.52 4.93  0.858
11/02/2012 17:00:00   11/02/2012 10:00:00   2456233.91667 2456233.92212   18:49:57.3    03 51 09  17 17 05    44 13 39  -15 39 10   -3.71 -9.02  0.657
11/02/2012 18:00:00   11/02/2012 11:00:00   2456233.95833 2456233.96379   19:50:17.0    03 51 09  17 17 05    56 19 06  -07 27 08   -7.71 -8.01  0.737
11/02/2012 19:00:00   11/02/2012 12:00:00   2456234.00000 2456234.00546   20:50:36.7    03 51 09  17 17 05    67 15 25  01 56 16   29.57 -7.01  0.817
11/02/2012 20:00:00   11/02/2012 13:00:00   2456234.04167 2456234.04713   21:50:56.4    03 51 09  17 17 05    77 33 19  12 05 30   4.77 -6.00  0.897
11/02/2012 21:00:00   11/02/2012 14:00:00   2456234.08333 2456234.08879   22:51:16.1    03 51 09  17 17 05    87 49 32  22 39 18   2.60 -5.00  0.977
11/02/2012 22:00:00   11/02/2012 15:00:00   2456234.12500 2456234.13046   23:51:35.8    03 51 09  17 17 05    98 51 05  33 17 11   1.82 -3.99  0.057
11/02/2012 23:00:00   11/02/2012 16:00:00   2456234.16667 2456234.17213   00:51:55.6    03 51 09  17 17 05    111 47 07  43 33 40   1.45 -2.99  0.137
11/03/2012 01:00:00   11/02/2012 18:00:00   2456234.25000 2456234.25547   02:52:35.0    03 51 09  17 17 05    151 25 30  59 41 39   1.16 -0.98  0.297
11/03/2012 02:00:00   11/02/2012 19:00:00   2456234.29167 2456234.29713   03:52:54.7    03 51 09  17 17 05    180 54 13  62 16 56   1.13 0.03  0.377
11/03/2012 03:00:00   11/02/2012 20:00:00   2456234.33333 2456234.33880   04:53:14.4    03 51 09  17 17 05    210 07 13  59 23 20   1.16 1.03  0.457
11/03/2012 04:00:00   11/02/2012 21:00:00   2456234.37500 2456234.38047   05:53:34.1    03 51 09  17 17 05    232 38 51  52 17 59   1.26 2.04  0.536
11/03/2012 05:00:00   11/02/2012 22:00:00   2456234.41667 2456234.42214   06:53:53.8    03 51 09  17 17 05    249 03 03  42 58 53   1.47 3.05  0.616
11/03/2012 06:00:00   11/02/2012 23:00:00   2456234.45833 2456234.46381   07:54:13.5    03 51 09  17 17 05    261 49 51  32 40 14   1.85 4.05  0.696
11/03/2012 07:00:00   11/03/2012 00:00:00   2456234.50000 2456234.50547   08:50:36.7    03 51 09  17 17 05    272 06 04  22 43 46   2.59 4.99  0.776
11/03/2012 17:00:00   11/03/2012 10:00:00   2456234.91667 2456234.92215   18:53:53.8    03 51 09  17 17 05    45 03 40  -15 09 47   -3.82 -8.95  0.576
11/03/2012 18:00:00   11/03/2012 11:00:00   2456234.95833 2456234.96382   19:54:13.5    03 51 09  17 17 05    57 03 48  -06 52 11   -8.36 -7.95  0.656
11/03/2012 19:00:00   11/03/2012 12:00:00   2456235.00000 2456235.00549   20:54:33.3    03 51 09  17 17 05    67 56 36  02 34 56   22.20 -6.94  0.736
11/03/2012 20:00:00   11/03/2012 13:00:00   2456235.04167 2456235.04716   21:54:53.0    03 51 09  17 17 05    78 13 12  12 46 23   4.52 -5.94  0.816
11/03/2012 21:00:00   11/03/2012 14:00:00   2456235.08333 2456235.08883   22:55:12.7    03 51 09  17 17 05    88 30 47  23 21 06   2.52 -4.93  0.896
11/03/2012 22:00:00   11/03/2012 15:00:00   2456235.12500 2456235.13049   23:55:32.4    03 51 09  17 17 05    99 37 22  33 58 27   1.79 -3.93  0.976
11/03/2012 23:00:00   11/03/2012 16:00:00   2456235.16667 2456235.17216   00:55:52.1    03 51 09  17 17 05    112 44 10  44 12 22   1.43 -2.92  0.056
11/04/2012 01:00:00   11/03/2012 18:00:00   2456235.25000 2456235.25550   02:56:31.5    03 51 09  17 17 05    153 11 05  60 01 05   1.15 -0.91  0.215
11/04/2012 02:00:00   11/03/2012 19:00:00   2456235.29167 2456235.29716   03:56:51.3    03 51 09  17 17 05    182 55 33  62 15 33   1.13 0.10  0.295
11/04/2012 02:00:00   11/03/2012 20:00:00   2456235.33333 2456235.33883   04:57:11.0    03 51 09  17 17 05    211 49 12  59 01 49   1.17 1.10  0.375
11/04/2012 03:00:00   11/03/2012 21:00:00   2456235.37500 2456235.38050   05:57:30.7    03 51 09  17 17 05    233 52 42  51 44 28   1.27 2.11  0.455
11/04/2012 04:00:00   11/03/2012 22:00:00   2456235.41667 2456235.42217   06:57:50.4    03 51 09  17 17 05    249 58 21  42 19 43   1.49 3.11  0.535
11/04/2012 05:00:00   11/03/2012 23:00:00   2456235.45833 2456235.46384   07:58:10.1    03 51 09  17 17 05    262 35 15  31 58 48   1.89 4.12  0.615
11/04/2012 06:00:00   11/04/2012 00:00:00   2456235.50000 2456235.50550   08:54:33.3    03 51 09  17 17 05    272 47 09  22 01 59   2.67 5.06  0.695
11/04/2012 07:00:00   11/04/2012 01:00:00   2456235.54167 2456235.54717   09:54:53.0    03 51 09  17 17 05    283 02 19  11 29 04   5.02 6.06  0.775
11/04/2012 17:00:00   11/04/2012 11:00:00   2456235.95833 2456235.96385   19:58:10.1    03 51 09  17 17 05    57 48 13  -06 16 57   -9.14 -7.88  0.575
11/04/2012 18:00:00   11/04/2012 12:00:00   2456236.00000 2456236.00552   20:58:29.8    03 51 09  17 17 05    68 37 38  03 13 47   17.75 -6.88  0.654
11/04/2012 19:00:00   11/04/2012 13:00:00   2456236.04167 2456236.04719   21:58:49.5    03 51 09  17 17 05    78 53 05  13 27 22   4.30 -5.87  0.734
11/04/2012 20:00:00   11/04/2012 14:00:00   2456236.08333 2456236.08886   22:59:09.2    03 51 09  17 17 05    89 12 14  24 02 54   2.45 -4.87  0.814
11/04/2012 21:00:00   11/04/2012 15:00:00   2456236.12500 2456236.13052   23:59:29.0    03 51 09  17 17 05    100 24 09  34 39 38   1.76 -3.86  0.894
11/04/2012 22:00:00   11/04/2012 16:00:00   2456236.16667 2456236.17219   00:59:48.7    03 51 09  17 17 05    113 42 12  44 50 48   1.42 -2.86  0.974
11/04/2012 23:00:00   11/04/2012 17:00:00   2456236.20833 2456236.21386   02:00:08.4    03 51 09  17 17 05    131 03 57  53 51 44   1.24 -1.85  0.054
11/05/2012 01:00:00   11/04/2012 19:00:00   2456236.29167 2456236.29719   04:00:47.8    03 51 09  17 17 05    184 56 36  62 12 41   1.13 0.16  0.214
11/05/2012 02:00:00   11/04/2012 20:00:00   2456236.33333 2456236.33886   05:01:07.5    03 51 09  17 17 05    213 29 15  58 39 15   1.17 1.17  0.294
11/05/2012 03:00:00   11/04/2012 21:00:00   2456236.37500 2456236.38053   06:01:27.2    03 51 09  17 17 05    235 05 01  51 10 26   1.28 2.17  0.374
11/05/2012 04:00:00   11/04/2012 22:00:00   2456236.41667 2456236.42220   07:01:46.9    03 51 09  17 17 05    250 52 47  41 40 19   1.50 3.18  0.454
11/05/2012 05:00:00   11/04/2012 23:00:00   2456236.45833 2456236.46387   08:02:06.7    03 51 09  17 17 05    263 20 14  31 17 18   1.93 4.18  0.534
11/05/2012 06:00:00   11/05/2012 00:00:00   2456236.50000 2456236.50553   08:58:29.8    03 51 09  17 17 05    273 28 04  21 20 14   2.75 5.12  0.614
11/05/2012 07:00:00   11/05/2012 01:00:00   2456236.54167 2456236.54720   09:58:49.5    03 51 09  17 17 05    283 42 14  10 48 23   5.33 6.13  0.694
11/05/2012 17:00:00   11/05/2012 11:00:00   2456236.95833 2456236.96388   20:02:06.7    03 51 09  17 17 05    58 32 20  -05 41 25   -10.09 -7.82  0.493
11/05/2012 18:00:00   11/05/2012 12:00:00   2456237.00000 2456237.00555   21:02:26.4    03 51 09  17 17 05    69 18 31  03 52 49   14.78 -6.81  0.573
11/05/2012 19:00:00   11/05/2012 13:00:00   2456237.04167 2456237.04722   22:02:46.1    03 51 09  17 17 05    79 32 58  14 08 27   4.09 -5.81  0.653
11/05/2012 20:00:00   11/05/2012 14:00:00   2456237.08333 2456237.08888   23:03:05.8    03 51 09  17 17 05    89 53 54  24 44 43   2.39 -4.80  0.733
11/05/2012 21:00:00   11/05/2012 15:00:00   2456237.12500 2456237.13055   00:03:25.5    03 51 09  17 17 05    101 11 27  35 20 42   1.73 -3.80  0.813
11/05/2012 22:00:00   11/05/2012 16:00:00   2456237.16667 2456237.17222   01:03:45.2    03 51 09  17 17 05    114 41 15  45 28 57   1.40 -2.79  0.893
11/05/2012 23:00:00   11/05/2012 17:00:00   2456237.20833 2456237.21389   02:04:04.9    03 51 09  17 17 05    132 24 15  54 22 56   1.23 -1.78  0.973
11/06/2012 01:00:00   11/05/2012 19:00:00   2456237.29167 2456237.29722   04:04:44.4    03 51 09  17 17 05    186 57 14  62 08 21   1.13 0.23  0.133
11/06/2012 02:00:00   11/05/2012 20:00:00   2456237.33333 2456237.33889   05:05:04.1    03 51 09  17 17 05    215 07 21  58 15 41   1.18 1.23  0.213
11/06/2012 03:00:00   11/05/2012 21:00:00   2456237.37500 2456237.38056   06:05:23.8    03 51 09  17 17 05    236 15 50  50 35 54   1.29 2.24  0.293
11/06/2012 04:00:00   11/05/2012 22:00:00   2456237.41667 2456237.42223   07:05:43.5    03 51 09  17 17 05    251 46 23  41 00 42   1.52 3.24  0.373
11/06/2012 05:00:00   11/05/2012 23:00:00   2456237.45833 2456237.46389   08:06:03.2    03 51 09  17 17 05    264 04 48  30 35 45   1.96 4.25  0.453
11/06/2012 06:00:00   11/06/2012 00:00:00   2456237.50000 2456237.50556   09:02:26.4    03 51 09  17 17 05    274 08 49  20 38 30   2.84 5.19  0.533
11/06/2012 07:00:00   11/06/2012 01:00:00   2456237.54167 2456237.54723   10:02:46.1    03 51 09  17 17 05    284 22 10  10 07 49   5.69 6.19  0.613
11/06/2012 17:00:00   11/06/2012 11:00:00   2456237.95833 2456237.96391   20:06:03.2    03 51 09  17 17 05    59 16 12  -05 05 37   -11.26 -7.75  0.412
11/06/2012 18:00:00   11/06/2012 12:00:00   2456238.00000 2456238.00557   21:06:22.9    03 51 09  17 17 05    69 59 16  04 32 01   12.65 -6.75  0.492
11/06/2012 19:00:00   11/06/2012 13:00:00   2456238.04167 2456238.04724   22:06:42.6    03 51 09  17 17 05    80 12 54  14 49 37   3.91 -5.74  0.572
11/06/2012 20:00:00   11/06/2012 14:00:00   2456238.08333 2456238.08891   23:07:02.4    03 51 09  17 17 05    90 35 48  25 26 32   2.33 -4.74  0.652
11/06/2012 21:00:00   11/06/2012 15:00:00   2456238.12500 2456238.13058   00:07:22.1    03 51 09  17 17 05    101 59 18  36 01 40   1.70 -3.73  0.732
11/06/2012 22:00:00   11/06/2012 16:00:00   2456238.16667 2456238.17225   01:07:41.8    03 51 09  17 17 05    115 41 22  46 06 47   1.39 -2.72  0.812
11/06/2012 23:00:00   11/06/2012 17:00:00   2456238.20833 2456238.21391   02:08:01.5    03 51 09  17 17 05    133 46 19  54 53 29   1.22 -1.72  0.892
11/07/2012 01:00:00   11/06/2012 19:00:00   2456238.29167 2456238.29725   04:08:40.9    03 51 09  17 17 05    188 57 14  62 02 33   1.13 0.29  0.052
11/07/2012 02:00:00   11/06/2012 20:00:00   2456238.33333 2456238.33892   05:09:00.6    03 51 09  17 17 05    216 43 28  57 51 09   1.18 1.30  0.132
11/07/2012 03:00:00   11/06/2012 21:00:00   2456238.37500 2456238.38058   06:09:20.3    03 51 09  17 17 05    237 25 12  50 00 54   1.31 2.30  0.212
11/07/2012 04:00:00   11/06/2012 22:00:00   2456238.41667 2456238.42225   07:09:40.1    03 51 09  17 17 05    252 39 10  40 20 53   1.54 3.31  0.291
11/07/2012 05:00:00   11/06/2012 23:00:00   2456238.45833 2456238.46392   08:09:59.8    03 51 09  17 17 05    264 48 58  29 54 07   2.01 4.31  0.371
11/07/2012 06:00:00   11/07/2012 00:00:00   2456238.50000 2456238.50559   09:06:22.9    03 51 09  17 17 05    274 49 25  19 56 49   2.93 5.25  0.451
11/07/2012 07:00:00   11/07/2012 01:00:00   2456238.54167 2456238.54726   10:06:42.6    03 51 09  17 17 05    285 02 09  09 27 23   6.09 6.26  0.531
11/07/2012 17:00:00   11/07/2012 11:00:00   2456238.95833 2456238.96393   20:09:59.8    03 51 09  17 17 05    59 59 47  -04 29 32   -12.77 -7.69  0.331
11/07/2012 18:00:00   11/07/2012 12:00:00   2456239.00000 2456239.00560   21:10:19.5    03 51 09  17 17 05    70 39 53  05 11 24   11.06 -6.68  0.411
11/07/2012 19:00:00   11/07/2012 13:00:00   2456239.04167 2456239.04727   22:10:39.2    03 51 09  17 17 05    80 52 51  15 30 52   3.74 -5.67  0.491
11/07/2012 20:00:00   11/07/2012 14:00:00   2456239.08333 2456239.08893   23:10:58.9    03 51 09  17 17 05    91 17 57  26 08 20   2.27 -4.67  0.571
11/07/2012 21:00:00   11/07/2012 15:00:00   2456239.12500 2456239.13060   00:11:18.6    03 51 09  17 17 05    102 47 43  36 42 31   1.67 -3.66  0.651
11/07/2012 22:00:00   11/07/2012 16:00:00   2456239.16667 2456239.17227   01:11:38.3    03 51 09  17 17 05    116 42 35  46 44 18   1.37 -2.66  0.731
11/07/2012 23:00:00   11/07/2012 17:00:00   2456239.20833 2456239.21394   02:11:58.0    03 51 09  17 17 05    135 10 11  55 23 19   1.22 -1.65  0.811
11/08/2012 01:00:00   11/07/2012 19:00:00   2456239.29167 2456239.29727   04:12:37.5    03 51 09  17 17 05    190 56 27  61 55 20   1.13 0.36  0.970
11/08/2012 02:00:00   11/07/2012 20:00:00   2456239.33333 2456239.33894   05:12:57.2    03 51 09  17 17 05    218 17 38  57 25 42   1.19 1.36  0.050
11/08/2012 03:00:00   11/07/2012 21:00:00   2456239.37500 2456239.38061   06:13:16.9    03 51 09  17 17 05    238 33 11  49 25 26   1.32 2.37  0.130
11/08/2012 04:00:00   11/07/2012 22:00:00   2456239.41667 2456239.42228   07:13:36.6    03 51 09  17 17 05    253 31 12  39 40 53   1.57 3.37  0.210
11/08/2012 05:00:00   11/07/2012 23:00:00   2456239.45833 2456239.46394   08:13:56.3    03 51 09  17 17 05    265 32 47  29 12 27   2.05 4.38  0.290
11/08/2012 06:00:00   11/08/2012 00:00:00   2456239.50000 2456239.50561   09:10:19.5    03 51 09  17 17 05    275 29 54  19 15 10   3.03 5.32  0.370
11/08/2012 07:00:00   11/08/2012 01:00:00   2456239.54167 2456239.54728   10:10:39.2    03 51 09  17 17 05    285 42 12  08 47 03   6.55 6.33  0.450
11/08/2012 17:00:00   11/08/2012 11:00:00   2456239.95833 2456239.96396   20:13:56.3    03 51 09  17 17 05    60 43 07  -03 53 12   -14.75 -7.62  0.250
11/08/2012 18:00:00   11/08/2012 12:00:00   2456240.00000 2456240.00562   21:14:16.0    03 51 09  17 17 05    71 20 23  05 50 56   9.81 -6.61  0.330
11/08/2012 19:00:00   11/08/2012 13:00:00   2456240.04167 2456240.04729   22:14:35.8    03 51 09  17 17 05    81 32 51  16 12 11   3.58 -5.61  0.409
11/08/2012 20:00:00   11/08/2012 14:00:00   2456240.08333 2456240.08896   23:14:55.5    03 51 09  17 17 05    92 00 22  26 50 08   2.22 -4.60  0.489
11/08/2012 21:00:00   11/08/2012 15:00:00   2456240.12500 2456240.13063   00:15:15.2    03 51 09  17 17 05    103 36 45  37 23 13   1.65 -3.60  0.569
11/08/2012 22:00:00   11/08/2012 16:00:00   2456240.16667 2456240.17229   01:15:34.9    03 51 09  17 17 05    117 44 58  47 21 29   1.36 -2.59  0.649
11/08/2012 23:00:00   11/08/2012 17:00:00   2456240.20833 2456240.21396   02:15:54.6    03 51 09  17 17 05    136 35 54  55 52 26   1.21 -1.59  0.729
11/09/2012 01:00:00   11/08/2012 19:00:00   2456240.29167 2456240.29730   04:16:34.0    03 51 09  17 17 05    192 54 44  61 46 41   1.13 0.42  0.889
11/09/2012 02:00:00   11/08/2012 20:00:00   2456240.33333 2456240.33896   05:16:53.7    03 51 09  17 17 05    219 49 51  56 59 21   1.19 1.43  0.969
11/09/2012 03:00:00   11/08/2012 21:00:00   2456240.37500 2456240.38063   06:17:13.5    03 51 09  17 17 05    239 39 48  48 49 33   1.33 2.43  0.049
11/09/2012 04:00:00   11/08/2012 22:00:00   2456240.41667 2456240.42230   07:17:33.2    03 51 09  17 17 05    254 22 30  39 00 42   1.59 3.44  0.129
11/09/2012 05:00:00   11/08/2012 23:00:00   2456240.45833 2456240.46397   08:17:52.9    03 51 09  17 17 05    266 16 14  28 30 45   2.09 4.45  0.209
11/09/2012 06:00:00   11/09/2012 00:00:00   2456240.50000 2456240.50563   09:14:16.0    03 51 09  17 17 06    276 10 15  18 33 34   3.14 5.39  0.289
11/09/2012 07:00:00   11/09/2012 01:00:00   2456240.54167 2456240.54730   10:14:35.8    03 51 09  17 17 06    286 22 18  08 06 52   7.08 6.39  0.369
11/09/2012 17:00:00   11/09/2012 11:00:00   2456240.95833 2456240.96398   20:17:52.9    03 51 09  17 17 06    61 26 12  -03 16 35   -17.50 -7.55  0.168
11/09/2012 18:00:00   11/09/2012 12:00:00   2456241.00000 2456241.00564   21:18:12.6    03 51 09  17 17 06    72 00 47  06 30 38   8.82 -6.55  0.248
11/09/2012 19:00:00   11/09/2012 13:00:00   2456241.04167 2456241.04731   22:18:32.3    03 51 09  17 17 06    82 12 55  16 53 35   3.44 -5.54  0.328
11/09/2012 20:00:00   11/09/2012 14:00:00   2456241.08333 2456241.08898   23:18:52.0    03 51 09  17 17 06    92 43 04  27 31 55   2.16 -4.54  0.408
11/09/2012 21:00:00   11/09/2012 15:00:00   2456241.12500 2456241.13065   00:19:11.7    03 51 09  17 17 06    104 26 24  38 03 47   1.62 -3.53  0.488
11/09/2012 22:00:00   11/09/2012 16:00:00   2456241.16667 2456241.17231   01:19:31.4    03 51 09  17 17 06    118 48 31  47 58 19   1.35 -2.53  0.568
11/09/2012 23:00:00   11/09/2012 17:00:00   2456241.20833 2456241.21398   02:19:51.2    03 51 09  17 17 06    138 03 29  56 20 46   1.20 -1.52  0.648
11/10/2012 01:00:00   11/09/2012 19:00:00   2456241.29167 2456241.29732   04:20:30.6    03 51 09  17 17 06    194 51 56  61 36 39   1.14 0.49  0.808
11/10/2012 02:00:00   11/09/2012 20:00:00   2456241.33333 2456241.33898   05:20:50.3    03 51 09  17 17 06    221 20 08  56 32 08   1.20 1.49  0.888
11/10/2012 03:00:00   11/09/2012 21:00:00   2456241.37500 2456241.38065   06:21:10.0    03 51 09  17 17 06    240 45 07  48 13 16   1.34 2.50  0.968
11/10/2012 04:00:00   11/09/2012 22:00:00   2456241.41667 2456241.42232   07:21:29.7    03 51 09  17 17 06    255 13 06  38 20 21   1.61 3.51  0.048
11/10/2012 05:00:00   11/09/2012 23:00:00   2456241.45833 2456241.46399   08:21:49.4    03 51 09  17 17 06    266 59 22  27 49 00   2.14 4.51  0.128
11/10/2012 06:00:00   11/10/2012 00:00:00   2456241.50000 2456241.50565   09:18:12.6    03 51 09  17 17 06    276 50 31  17 52 02   3.26 5.45  0.208
11/10/2012 07:00:00   11/10/2012 01:00:00   2456241.54167 2456241.54732   10:18:32.3    03 51 09  17 17 06    287 02 28  07 26 49   7.72 6.46  0.288
11/10/2012 17:00:00   11/10/2012 11:00:00   2456241.95833 2456241.96400   20:21:49.4    03 51 09  17 17 06    62 09 02  -02 39 44   -21.53 -7.49  0.087
11/10/2012 18:00:00   11/10/2012 12:00:00   2456242.00000 2456242.00566   21:22:09.1    03 51 09  17 17 06    72 41 04  07 10 28   8.01 -6.48  0.167
11/10/2012 19:00:00   11/10/2012 13:00:00   2456242.04167 2456242.04733   22:22:28.9    03 51 09  17 17 06    82 53 03  17 35 03   3.31 -5.48  0.247
11/10/2012 20:00:00   11/10/2012 14:00:00   2456242.08333 2456242.08900   23:22:48.6    03 51 09  17 17 06    93 26 05  28 13 40   2.11 -4.47  0.327
11/10/2012 21:00:00   11/10/2012 15:00:00   2456242.12500 2456242.13067   00:23:08.3    03 51 09  17 17 06    105 16 43  38 44 12   1.60 -3.47  0.407
11/10/2012 22:00:00   11/10/2012 16:00:00   2456242.16667 2456242.17233   01:23:28.0    03 51 09  17 17 06    119 53 19  48 34 46   1.33 -2.46  0.487
11/10/2012 23:00:00   11/10/2012 17:00:00   2456242.20833 2456242.21400   02:23:47.7    03 51 09  17 17 06    139 32 59  56 48 19   1.20 -1.46  0.567
11/11/2012 01:00:00   11/10/2012 19:00:00   2456242.29167 2456242.29734   04:24:27.1    03 51 09  17 17 06    196 47 53  61 25 15   1.14 0.56  0.727
11/11/2012 02:00:00   11/10/2012 20:00:00   2456242.33333 2456242.33900   05:24:46.9    03 51 09  17 17 06    222 48 30  56 04 07   1.21 1.56  0.807
11/11/2012 03:00:00   11/10/2012 21:00:00   2456242.37500 2456242.38067   06:25:06.6    03 51 09  17 17 06    241 49 11  47 36 36   1.35 2.57  0.887
11/11/2012 04:00:00   11/10/2012 22:00:00   2456242.41667 2456242.42234   07:25:26.3    03 51 09  17 17 06    256 03 01  37 39 50   1.64 3.57  0.966
11/11/2012 05:00:00   11/10/2012 23:00:00   2456242.45833 2456242.46401   08:25:46.0    03 51 09  17 17 06    267 42 12  27 07 14   2.19 4.58  0.046
11/11/2012 06:00:00   11/11/2012 00:00:00   2456242.50000 2456242.50567   09:22:09.1    03 51 09  17 17 06    277 30 41  17 10 32   3.39 5.52  0.126
11/11/2012 07:00:00   11/11/2012 01:00:00   2456242.54167 2456242.54734   10:22:28.9    03 51 09  17 17 06    287 42 44  06 46 55   8.47 6.52  0.206
11/11/2012 17:00:00   11/11/2012 11:00:00   2456242.95833 2456242.96402   20:25:46.0    03 51 09  17 17 06    62 51 39  -02 02 39   -28.04 -7.42  0.006
11/11/2012 18:00:00   11/11/2012 12:00:00   2456243.00000 2456243.00568   21:26:05.7    03 51 09  17 17 06    73 21 17  07 50 28   7.33 -6.42  0.086
11/11/2012 19:00:00   11/11/2012 13:00:00   2456243.04167 2456243.04735   22:26:25.4    03 51 09  17 17 06    83 33 16  18 16 34   3.19 -5.41  0.166
11/11/2012 20:00:00   11/11/2012 14:00:00   2456243.08333 2456243.08902   23:26:45.1    03 51 09  17 17 06    94 09 24  28 55 24   2.07 -4.41  0.246
11/11/2012 21:00:00   11/11/2012 15:00:00   2456243.12500 2456243.13069   00:27:04.8    03 51 09  17 17 06    106 07 44  39 24 28   1.58 -3.40  0.326
11/11/2012 22:00:00   11/11/2012 16:00:00   2456243.16667 2456243.17235   01:27:24.6    03 51 09  17 17 06    120 59 24  49 10 49   1.32 -2.40  0.406
11/11/2012 23:00:00   11/11/2012 17:00:00   2456243.20833 2456243.21402   02:27:44.3    03 51 09  17 17 06    141 04 24  57 15 01   1.19 -1.39  0.486
11/12/2012 01:00:00   11/11/2012 19:00:00   2456243.29167 2456243.29735   04:28:23.7    03 51 09  17 17 06    198 42 30  61 12 30   1.14 0.62  0.645
11/12/2012 02:00:00   11/11/2012 20:00:00   2456243.33333 2456243.33902   05:28:43.4    03 51 09  17 17 06    224 14 59  55 35 19   1.21 1.63  0.725
11/12/2012 03:00:00   11/11/2012 21:00:00   2456243.37500 2456243.38069   06:29:03.1    03 51 09  17 17 06    242 52 02  46 59 33   1.37 2.63  0.805
11/12/2012 04:00:00   11/11/2012 22:00:00   2456243.41667 2456243.42236   07:29:22.8    03 51 09  17 17 06    256 52 18  36 59 11   1.66 3.64  0.885
11/12/2012 05:00:00   11/11/2012 23:00:00   2456243.45833 2456243.46402   08:29:42.5    03 51 09  17 17 06    268 24 44  26 25 27   2.25 4.64  0.965
11/12/2012 06:00:00   11/12/2012 00:00:00   2456243.50000 2456243.50569   09:26:05.7    03 51 09  17 17 06    278 10 46  16 29 07   3.52 5.58  0.045
11/12/2012 07:00:00   11/12/2012 01:00:00   2456243.54167 2456243.54736   10:26:25.4    03 51 09  17 17 06    288 23 05  06 07 09   9.38 6.59  0.125
11/12/2012 17:00:00   11/12/2012 11:00:00   2456243.95833 2456243.96403   20:29:42.5    03 51 09  17 17 06    63 34 02  -01 25 19   -40.30 -7.36  0.925
11/12/2012 18:00:00   11/12/2012 12:00:00   2456244.00000 2456244.00570   21:30:02.3    03 51 09  17 17 06    74 01 24  08 30 36   6.76 -6.35  0.005
11/12/2012 19:00:00   11/12/2012 13:00:00   2456244.04167 2456244.04737   22:30:22.0    03 51 09  17 17 06    84 13 35  18 58 09   3.08 -5.35  0.084
11/12/2012 20:00:00   11/12/2012 14:00:00   2456244.08333 2456244.08903   23:30:41.7    03 51 09  17 17 06    94 53 04  29 37 05   2.02 -4.34  0.164
11/12/2012 21:00:00   11/12/2012 15:00:00   2456244.12500 2456244.13070   00:31:01.4    03 51 09  17 17 06    106 59 27  40 04 33   1.55 -3.34  0.244
11/12/2012 22:00:00   11/12/2012 16:00:00   2456244.16667 2456244.17237   01:31:21.1    03 51 09  17 17 06    122 06 49  49 46 27   1.31 -2.33  0.324
11/12/2012 23:00:00   11/12/2012 17:00:00   2456244.20833 2456244.21404   02:31:40.8    03 51 09  17 17 06    142 37 46  57 40 51   1.18 -1.32  0.404
11/13/2012 01:00:00   11/12/2012 19:00:00   2456244.29167 2456244.29737   04:32:20.2    03 51 09  17 17 06    200 35 37  60 58 26   1.14 0.69  0.564
11/13/2012 02:00:00   11/12/2012 20:00:00   2456244.33333 2456244.33904   05:32:40.0    03 51 09  17 17 06    225 39 36  55 05 47   1.22 1.69  0.644
11/13/2012 03:00:00   11/12/2012 21:00:00   2456244.37500 2456244.38071   06:32:59.7    03 51 09  17 17 06    243 53 43  46 22 10   1.38 2.70  0.724
11/13/2012 04:00:00   11/12/2012 22:00:00   2456244.41667 2456244.42237   07:33:19.4    03 51 09  17 17 06    257 40 58  36 18 24   1.69 3.70  0.804
11/13/2012 05:00:00   11/12/2012 23:00:00   2456244.45833 2456244.46404   08:33:39.1    03 51 09  17 17 06    269 06 59  25 43 38   2.30 4.71  0.884
11/13/2012 06:00:00   11/13/2012 00:00:00   2456244.50000 2456244.50571   09:30:02.3    03 51 09  17 17 06    278 50 48  15 47 46   3.67 5.65  0.964
11/13/2012 07:00:00   11/13/2012 01:00:00   2456244.54167 2456244.54737   10:30:22.0    03 51 09  17 17 06    289 03 32  05 27 33   10.51 6.65  0.044
11/13/2012 17:00:00   11/13/2012 11:00:00   2456244.95833 2456244.96405   20:33:39.1    03 51 09  17 17 06    64 16 12  00 47 46   -71.98 -7.29  0.843
11/13/2012 18:00:00   11/13/2012 12:00:00   2456245.00000 2456245.00571   21:33:58.8    03 51 09  17 17 06    74 41 28  09 10 52   6.27 -6.29  0.923
11/13/2012 19:00:00   11/13/2012 13:00:00   2456245.04167 2456245.04738   22:34:18.5    03 51 09  17 17 06    84 54 00  19 39 47   2.97 -5.28  0.003
11/13/2012 20:00:00   11/13/2012 14:00:00   2456245.08333 2456245.08905   23:34:38.2    03 51 09  17 17 06    95 37 05  30 18 43   1.98 -4.28  0.083
11/13/2012 21:00:00   11/13/2012 15:00:00   2456245.12500 2456245.13072   00:34:58.0    03 51 09  17 17 06    107 51 56  40 44 26   1.53 -3.27  0.163
11/13/2012 22:00:00   11/13/2012 16:00:00   2456245.16667 2456245.17238   01:35:17.7    03 51 09  17 17 06    123 15 37  50 21 38   1.30 -2.26  0.243
11/13/2012 23:00:00   11/13/2012 17:00:00   2456245.20833 2456245.21405   02:35:37.4    03 51 09  17 17 06    144 13 05  58 05 46   1.18 -1.26  0.323
11/14/2012 01:00:00   11/13/2012 19:00:00   2456245.29167 2456245.29738   04:36:16.8    03 51 09  17 17 06    202 27 10  60 43 05   1.15 0.75  0.483
11/14/2012 02:00:00   11/13/2012 20:00:00   2456245.33333 2456245.33905   05:36:36.5    03 51 09  17 17 06    227 02 24  54 35 31   1.23 1.76  0.563
11/14/2012 03:00:00   11/13/2012 21:00:00   2456245.37500 2456245.38072   06:36:56.2    03 51 09  17 17 06    244 54 17  45 44 28   1.40 2.76  0.643
11/14/2012 04:00:00   11/13/2012 22:00:00   2456245.41667 2456245.42239   07:37:15.9    03 51 09  17 17 06    258 29 03  35 37 29   1.72 3.77  0.723
11/14/2012 05:00:00   11/13/2012 23:00:00   2456245.45833 2456245.46405   08:37:35.7    03 51 09  17 17 06    269 48 59  25 01 49   2.36 4.77  0.803
11/14/2012 06:00:00   11/14/2012 00:00:00   2456245.50000 2456245.50572   09:33:58.8    03 51 09  17 17 06    279 30 46  15 06 29   3.84 5.71  0.883
11/14/2012 07:00:00   11/14/2012 01:00:00   2456245.54167 2456245.54739   10:34:18.5    03 51 09  17 17 06    289 44 06  04 48 07   11.95 6.72  0.963
11/14/2012 17:00:00   11/14/2012 11:00:00   2456245.95833 2456245.96406   20:37:35.7    03 51 09  17 17 06    64 58 10  00 09 59   -344.44 -7.23  0.762
11/14/2012 18:00:00   11/14/2012 12:00:00   2456246.00000 2456246.00573   21:37:55.4    03 51 09  17 17 06    75 21 28  09 51 16   5.84 -6.22  0.842
11/14/2012 19:00:00   11/14/2012 13:00:00   2456246.04167 2456246.04739   22:38:15.1    03 51 09  17 17 06    85 34 33  20 21 27   2.87 -5.22  0.922
11/14/2012 20:00:00   11/14/2012 14:00:00   2456246.08333 2456246.08906   23:38:34.8    03 51 09  17 17 06    96 21 29  31 00 19   1.94 -4.21  0.002
11/14/2012 21:00:00   11/14/2012 15:00:00   2456246.12500 2456246.13073   00:38:54.5    03 51 09  17 17 06    108 45 12  41 24 08   1.51 -3.20  0.082
11/14/2012 22:00:00   11/14/2012 16:00:00   2456246.16667 2456246.17240   01:39:14.2    03 51 09  17 17 06    124 25 50  50 56 22   1.29 -2.20  0.162
11/14/2012 23:00:00   11/14/2012 17:00:00   2456246.20833 2456246.21406   02:39:33.9    03 51 09  17 17 06    145 50 23  58 29 44   1.17 -1.19  0.242
11/15/2012 01:00:00   11/14/2012 19:00:00   2456246.29167 2456246.29740   04:40:13.4    03 51 09  17 17 06    204 17 04  60 26 30   1.15 0.82  0.402
11/15/2012 02:00:00   11/14/2012 20:00:00   2456246.33333 2456246.33906   05:40:33.1    03 51 09  17 17 06    228 23 25  54 04 35   1.23 1.82  0.482
11/15/2012 03:00:00   11/14/2012 21:00:00   2456246.37500 2456246.38073   06:40:52.8    03 51 09  17 17 06    245 53 46  45 06 27   1.41 2.83  0.562
11/15/2012 04:00:00   11/14/2012 22:00:00   2456246.41667 2456246.42240   07:41:12.5    03 51 09  17 17 06    259 16 34  34 56 27   1.75 3.83  0.641
11/15/2012 05:00:00   11/14/2012 23:00:00   2456246.45833 2456246.46407   08:41:32.2    03 51 09  17 17 06    270 30 45  24 20 00   2.43 4.84  0.721
11/15/2012 06:00:00   11/15/2012 00:00:00   2456246.50000 2456246.50573   09:37:55.4    03 51 09  17 17 06    280 10 42  14 25 17   4.02 5.78  0.801
11/15/2012 07:00:00   11/15/2012 01:00:00   2456246.54167 2456246.54740   10:38:15.1    03 51 09  17 17 06    290 24 48  04 08 50   13.83 6.78  0.881
11/15/2012 17:00:00   11/15/2012 11:00:00   2456246.95833 2456246.96407   20:41:32.2    03 51 09  17 17 06    65 39 56  00 28 01   122.71 -7.16  0.681
11/15/2012 18:00:00   11/15/2012 12:00:00   2456247.00000 2456247.00574   21:41:51.9    03 51 09  17 17 06    76 01 26  10 31 47   5.47 -6.15  0.761
11/15/2012 19:00:00   11/15/2012 13:00:00   2456247.04167 2456247.04741   22:42:11.6    03 51 09  17 17 06    86 15 15  21 03 09   2.78 -5.15  0.841
11/15/2012 20:00:00   11/15/2012 14:00:00   2456247.08333 2456247.08907   23:42:31.4    03 51 09  17 17 06    97 06 17  31 41 50   1.90 -4.14  0.921
11/15/2012 21:00:00   11/15/2012 15:00:00   2456247.12500 2456247.13074   00:42:51.1    03 51 09  17 17 06    109 39 17  42 03 38   1.49 -3.14  0.001
11/15/2012 22:00:00   11/15/2012 16:00:00   2456247.16667 2456247.17241   01:43:10.8    03 51 09  17 17 06    125 37 32  51 30 37   1.28 -2.13  0.081
11/15/2012 23:00:00   11/15/2012 17:00:00   2456247.20833 2456247.21407   02:43:30.5    03 51 09  17 17 06    147 29 38  58 52 43   1.17 -1.13  0.160
11/16/2012 01:00:00   11/15/2012 19:00:00   2456247.29167 2456247.29741   04:44:09.9    03 51 09  17 17 06    206 05 12  60 08 42   1.15 0.88  0.320
11/16/2012 02:00:00   11/15/2012 20:00:00   2456247.33333 2456247.33907   05:44:29.6    03 51 09  17 17 06    229 42 42  53 33 00   1.24 1.89  0.400
11/16/2012 03:00:00   11/15/2012 21:00:00   2456247.37500 2456247.38074   06:44:49.3    03 51 09  17 17 06    246 52 13  44 28 08   1.43 2.89  0.480
11/16/2012 04:00:00   11/15/2012 22:00:00   2456247.41667 2456247.42241   07:45:09.1    03 51 09  17 17 06    260 03 34  34 15 19   1.78 3.90  0.560
11/16/2012 05:00:00   11/15/2012 23:00:00   2456247.45833 2456247.46408   08:45:28.8    03 51 09  17 17 06    271 12 17  23 38 12   2.49 4.91  0.640
11/16/2012 06:00:00   11/16/2012 00:00:00   2456247.50000 2456247.50574   09:41:51.9    03 51 09  17 17 06    280 50 36  13 44 10   4.21 5.85  0.720
11/16/2012 07:00:00   11/16/2012 01:00:00   2456247.54167 2456247.54741   10:42:11.6    03 51 09  17 17 06    291 05 37  03 29 44   16.40 6.85  0.800
11/16/2012 17:00:00   11/16/2012 11:00:00   2456247.95833 2456247.96408   20:45:28.8    03 51 09  17 17 06    66 21 31  01 06 13   51.92 -7.09  0.599
11/16/2012 18:00:00   11/16/2012 12:00:00   2456248.00000 2456248.00575   21:45:48.5    03 51 09  17 17 06    76 41 21  11 12 25   5.15 -6.09  0.679
11/16/2012 19:00:00   11/16/2012 13:00:00   2456248.04167 2456248.04741   22:46:08.2    03 51 09  17 17 06    86 56 05  21 44 54   2.70 -5.08  0.759
11/16/2012 20:00:00   11/16/2012 14:00:00   2456248.08333 2456248.08908   23:46:27.9    03 51 09  17 17 06    97 51 31  32 23 18   1.87 -4.08  0.839
11/16/2012 21:00:00   11/16/2012 15:00:00   2456248.12500 2456248.13075   00:46:47.6    03 51 09  17 17 06    110 34 13  42 42 54   1.47 -3.07  0.919
11/16/2012 22:00:00   11/16/2012 16:00:00   2456248.16667 2456248.17242   01:47:07.3    03 51 09  17 17 06    126 50 45  52 04 21   1.27 -2.07  0.999
11/16/2012 23:00:00   11/16/2012 17:00:00   2456248.20833 2456248.21408   02:47:27.0    03 51 09  17 17 06    149 10 49  59 14 40   1.16 -1.06  0.079
11/17/2012 01:00:00   11/16/2012 19:00:00   2456248.29167 2456248.29742   04:48:06.5    03 51 09  17 17 06    207 51 32  59 49 44   1.16 0.95  0.239
11/17/2012 02:00:00   11/16/2012 20:00:00   2456248.33333 2456248.33908   05:48:26.2    03 51 09  17 17 06    231 00 17  53 00 48   1.25 1.95  0.319
11/17/2012 03:00:00   11/16/2012 21:00:00   2456248.37500 2456248.38075   06:48:45.9    03 51 09  17 17 06    247 49 40  43 49 32   1.44 2.96  0.399
11/17/2012 04:00:00   11/16/2012 22:00:00   2456248.41667 2456248.42242   07:49:05.6    03 51 09  17 17 06    260 50 03  33 34 05   1.81 3.97  0.479
11/17/2012 05:00:00   11/16/2012 23:00:00   2456248.45833 2456248.46408   08:49:25.3    03 51 09  17 17 06    271 53 37  22 56 24   2.57 4.97  0.559
11/17/2012 06:00:00   11/17/2012 00:00:00   2456248.50000 2456248.50575   09:45:48.5    03 51 09  17 17 06    281 30 29  13 03 09   4.43 5.91  0.639
11/17/2012 07:00:00   11/17/2012 01:00:00   2456248.54167 2456248.54742   10:46:08.2    03 51 09  17 17 06    291 46 36  02 50 49   20.13 6.92  0.719
11/17/2012 17:00:00   11/17/2012 11:00:00   2456248.95833 2456248.96409   20:49:25.3    03 51 09  17 17 06    67 02 56  01 44 38   32.86 -7.03  0.518
11/17/2012 18:00:00   11/17/2012 12:00:00   2456249.00000 2456249.00576   21:49:45.0    03 51 09  17 17 06    77 21 15  11 53 010   4.86 -6.02  0.598
11/17/2012 19:00:00   11/17/2012 13:00:00   2456249.04167 2456249.04742   22:50:04.7    03 51 09  17 17 06    87 37 06  22 26 40   2.62 -5.02  0.678
11/17/2012 20:00:00   11/17/2012 14:00:00   2456249.08333 2456249.08909   23:50:24.5    03 51 09  17 17 06    98 37 11  33 04 41   1.83 -4.01  0.758
11/17/2012 21:00:00   11/17/2012 15:00:00   2456249.12500 2456249.13076   00:50:44.2    03 51 09  17 17 06    111 30 03  43 21 55   1.46 -3.01  0.838
11/17/2012 22:00:00   11/17/2012 16:00:00   2456249.16667 2456249.17242   01:51:03.9    03 51 09  17 17 06    128 05 32  52 37 32   1.26 -2.00  0.918
11/17/2012 23:00:00   11/17/2012 17:00:00   2456249.20833 2456249.21409   02:51:23.6    03 51 09  17 17 06    150 53 57  59 35 33   1.16 -1.00  0.998
11/18/2012 01:00:00   11/17/2012 19:00:00   2456249.29167 2456249.29742   04:52:03.0    03 51 09  17 17 06    209 36 00  59 29 38   1.16 1.01  0.158
11/18/2012 02:00:00   11/17/2012 20:00:00   2456249.33333 2456249.33909   05:52:22.7    03 51 09  17 17 06    232 16 13  52 28 01   1.26 2.02  0.238
11/18/2012 03:00:00   11/17/2012 21:00:00   2456249.37500 2456249.38076   06:52:42.5    03 51 09  17 17 06    248 46 09  43 10 41   1.46 3.03  0.318
11/18/2012 04:00:00   11/17/2012 22:00:00   2456249.41667 2456249.42242   07:53:02.2    03 51 09  17 17 06    261 36 03  32 52 45   1.84 4.03  0.398
11/18/2012 05:00:00   11/17/2012 23:00:00   2456249.45833 2456249.46409   08:53:21.9    03 51 09  17 17 06    272 34 45  22 14 37   2.64 5.04  0.478
11/18/2012 06:00:00   11/18/2012 00:00:00   2456249.50000 2456249.50576   09:49:45.0    03 51 09  17 17 06    282 10 22  12 22 13   4.67 5.98  0.558
11/18/2012 07:00:00   11/18/2012 01:00:00   2456249.54167 2456249.54743   10:50:04.7    03 51 09  17 17 06    292 27 43  02 12 04   26.04 6.98  0.637
11/18/2012 17:00:00   11/18/2012 11:00:00   2456249.95833 2456249.96409   20:53:21.9    03 51 09  17 17 06    67 44 010  02 23 14   24.01 -6.96  0.437
11/18/2012 18:00:00   11/18/2012 12:00:00   2456250.00000 2456250.00576   21:53:41.6    03 51 09  17 17 06    78 01 08  12 34 01   4.60 -5.96  0.517
11/18/2012 19:00:00   11/18/2012 13:00:00   2456250.04167 2456250.04743   22:54:01.3    03 51 09  17 17 06    88 18 17  23 08 28   2.54 -4.95  0.597
11/18/2012 20:00:00   11/18/2012 14:00:00   2456250.08333 2456250.08909   23:54:21.0    03 51 09  17 17 06    99 23 19  33 45 59   1.80 -3.95  0.677
11/18/2012 21:00:00   11/18/2012 15:00:00   2456250.12500 2456250.13076   00:54:40.7    03 51 09  17 17 06    112 26 49  44 00 42   1.44 -2.94  0.757
11/18/2012 22:00:00   11/18/2012 16:00:00   2456250.16667 2456250.17243   01:55:00.4    03 51 09  17 17 06    129 21 56  53 10 09   1.25 -1.94  0.837
11/18/2012 23:00:00   11/18/2012 17:00:00   2456250.20833 2456250.21410   02:55:20.2    03 51 09  17 17 06    152 38 57  59 55 20   1.16 -0.93  0.917
11/19/2012 01:00:00   11/18/2012 19:00:00   2456250.29167 2456250.29743   04:55:59.6    03 51 09  17 17 06    211 18 35  59 08 27   1.16 1.08  0.077
11/19/2012 02:00:00   11/18/2012 20:00:00   2456250.33333 2456250.33910   05:56:19.3    03 51 09  17 17 06    233 30 33  51 54 40   1.27 2.09  0.156
11/19/2012 03:00:00   11/18/2012 21:00:00   2456250.37500 2456250.38076   06:56:39.0    03 51 09  17 17 06    249 41 44  42 31 35   1.48 3.09  0.236
11/19/2012 04:00:00   11/18/2012 22:00:00   2456250.41667 2456250.42243   07:56:58.7    03 51 09  17 17 06    262 21 35  32 11 21   1.88 4.10  0.316
11/19/2012 05:00:00   11/18/2012 23:00:00   2456250.45833 2456250.46410   08:57:18.4    03 51 09  17 17 06    273 15 43  21 32 51   2.72 5.10  0.396
11/19/2012 06:00:00   11/19/2012 00:00:00   2456250.50000 2456250.50576   09:53:41.6    03 51 09  17 17 06    282 50 16  11 41 24   4.94 6.04  0.476
11/19/2012 07:00:00   11/19/2012 01:00:00   2456250.54167 2456250.54743   10:54:01.3    03 51 09  17 17 06    293 09 00  01 33 32   36.76 7.05  0.556
11/19/2012 17:00:00   11/19/2012 11:00:00   2456250.95833 2456250.96410   20:57:18.4    03 51 09  17 17 06    68 25 14  03 02 01   18.90 -6.90  0.356
11/19/2012 18:00:00   11/19/2012 12:00:00   2456251.00000 2456251.00577   21:57:38.1    03 51 09  17 17 06    78 41 01  13 14 58   4.36 -5.89  0.436
11/19/2012 19:00:00   11/19/2012 13:00:00   2456251.04167 2456251.04743   22:57:57.9    03 51 09  17 17 06    88 59 41  23 50 16   2.47 -4.89  0.516
11/19/2012 20:00:00   11/19/2012 14:00:00   2456251.08333 2456251.08910   23:58:17.6    03 51 09  17 17 06    100 09 57  34 27 12   1.77 -3.88  0.595
11/19/2012 21:00:00   11/19/2012 15:00:00   2456251.12500 2456251.13077   00:58:37.3    03 51 09  17 17 06    113 24 33  44 39 13   1.42 -2.88  0.675
11/19/2012 22:00:00   11/19/2012 16:00:00   2456251.16667 2456251.17243   01:58:57.0    03 51 09  17 17 06    130 40 00  53 42 11   1.24 -1.87  0.755
11/19/2012 23:00:00   11/19/2012 17:00:00   2456251.20833 2456251.21410   02:59:16.7    03 51 09  17 17 06    154 25 49  60 13 58   1.15 -0.86  0.835
11/20/2012 01:00:00   11/19/2012 19:00:00   2456251.29167 2456251.29743   04:59:56.1    03 51 09  17 17 06    212 59 13  58 46 12   1.17 1.15  0.995
11/20/2012 02:00:00   11/19/2012 20:00:00   2456251.33333 2456251.33910   06:00:15.8    03 51 09  17 17 06    234 43 19  51 20 47   1.28 2.15  0.075
11/20/2012 03:00:00   11/19/2012 21:00:00   2456251.37500 2456251.38077   07:00:35.6    03 51 09  17 17 06    250 36 25  41 52 15   1.50 3.16  0.155
11/20/2012 04:00:00   11/19/2012 22:00:00   2456251.41667 2456251.42243   08:00:55.3    03 51 09  17 17 06    263 06 41  31 29 52   1.91 4.16  0.235
11/20/2012 05:00:00   11/19/2012 23:00:00   2456251.45833 2456251.46410   09:01:15.0    03 51 09  17 17 06    273 56 31  20 51 07   2.81 5.17  0.315
11/20/2012 06:00:00   11/20/2012 00:00:00   2456251.50000 2456251.50577   09:57:38.1    03 51 09  17 17 06    283 30 010  11 00 41   5.24 6.11  0.395
11/20/2012 07:00:00   11/20/2012 01:00:00   2456251.54167 2456251.54743   10:57:57.9    03 51 09  17 17 06    293 50 27  00 55 11   62.31 7.11  0.475
11/20/2012 17:00:00   11/20/2012 11:00:00   2456251.95833 2456251.96410   21:01:15.0    03 51 09  17 17 06    69 06 10  03 40 60   15.57 -6.83  0.274
11/20/2012 18:00:00   11/20/2012 12:00:00   2456252.00000 2456252.00577   22:01:34.7    03 51 09  17 17 06    79 20 54  13 56 01   4.15 -5.83  0.354
11/20/2012 19:00:00   11/20/2012 13:00:00   2456252.04167 2456252.04743   23:01:54.4    03 51 09  17 17 06    89 41 17  24 32 05   2.41 -4.82  0.434
11/20/2012 20:00:00   11/20/2012 14:00:00   2456252.08333 2456252.08910   00:02:14.1    03 51 09  17 17 06    100 57 05  35 08 18   1.74 -3.82  0.514
11/20/2012 21:00:00   11/20/2012 15:00:00   2456252.12500 2456252.13077   01:02:33.8    03 51 09  17 17 06    114 23 17  45 17 27   1.41 -2.81  0.594
11/20/2012 22:00:00   11/20/2012 16:00:00   2456252.16667 2456252.17243   02:02:53.6    03 51 09  17 17 06    131 59 47  54 13 35   1.23 -1.80  0.674
11/20/2012 23:00:00   11/20/2012 17:00:00   2456252.20833 2456252.21410   03:03:13.3    03 51 09  17 17 06    156 14 28  60 31 25   1.15 -0.80  0.754
11/21/2012 01:00:00   11/20/2012 19:00:00   2456252.29167 2456252.29743   05:03:52.7    03 51 09  17 17 06    214 37 54  58 22 56   1.17 1.21  0.914
11/21/2012 02:00:00   11/20/2012 20:00:00   2456252.33333 2456252.33910   06:04:12.4    03 51 09  17 17 06    235 54 35  50 46 24   1.29 2.22  0.994
11/21/2012 03:00:00   11/20/2012 21:00:00   2456252.37500 2456252.38077   07:04:32.1    03 51 09  17 17 06    251 30 16  41 12 42   1.52 3.22  0.074
11/21/2012 04:00:00   11/20/2012 22:00:00   2456252.41667 2456252.42243   08:04:51.8    03 51 09  17 17 06    263 51 22  30 48 19   1.95 4.23  0.154
11/21/2012 05:00:00   11/20/2012 23:00:00   2456252.45833 2456252.46410   09:05:11.5    03 51 09  17 17 06    274 37 010  20 09 25   2.90 5.23  0.234
11/21/2012 06:00:00   11/21/2012 00:00:00   2456252.50000 2456252.50577   10:01:34.7    03 51 09  17 17 06    284 10 06  10 20 05   5.57 6.17  0.314
11/21/2012 07:00:00   11/21/2012 01:00:00   2456252.54167 2456252.54743   11:01:54.4    03 51 09  17 17 06    294 32 06  00 17 02   201.83 7.18  0.394
11/21/2012 17:00:00   11/21/2012 11:00:00   2456252.95833 2456252.96410   21:05:11.5    03 51 09  17 17 06    69 46 57  04 20 09   13.23 -6.77  0.193
11/21/2012 18:00:00   11/21/2012 12:00:00   2456253.00000 2456253.00577   22:05:31.3    03 51 09  17 17 06    80 00 49  14 37 010   3.96 -5.76  0.273
11/21/2012 19:00:00   11/21/2012 13:00:00   2456253.04167 2456253.04743   23:05:51.0    03 51 09  17 17 06    90 23 06  25 13 54   2.35 -4.76  0.353
11/21/2012 20:00:00   11/21/2012 14:00:00   2456253.08333 2456253.08910   00:06:10.7    03 51 09  17 17 06    101 44 46  35 49 18   1.71 -3.75  0.433
11/21/2012 21:00:00   11/21/2012 15:00:00   2456253.12500 2456253.13077   01:06:30.4    03 51 09  17 17 06    115 23 04  45 55 23   1.39 -2.74  0.513
11/21/2012 22:00:00   11/21/2012 16:00:00   2456253.16667 2456253.17243   02:06:50.1    03 51 09  17 17 06    133 21 18  54 44 19   1.22 -1.74  0.593
11/21/2012 23:00:00   11/21/2012 17:00:00   2456253.20833 2456253.21410   03:07:09.8    03 51 09  17 17 06    158 04 51  60 47 39   1.15 -0.73  0.673
11/22/2012 01:00:00   11/21/2012 19:00:00   2456253.29167 2456253.29743   05:07:49.2    03 51 09  17 17 06    216 14 37  57 58 41   1.18 1.28  0.833
11/22/2012 02:00:00   11/21/2012 20:00:00   2456253.33333 2456253.33910   06:08:09.0    03 51 09  17 17 06    237 04 23  50 11 32   1.30 2.28  0.913
11/22/2012 03:00:00   11/21/2012 21:00:00   2456253.37500 2456253.38077   07:08:28.7    03 51 09  17 17 06    252 23 18  40 32 57   1.54 3.29  0.993
11/22/2012 04:00:00   11/21/2012 22:00:00   2456253.41667 2456253.42243   08:08:48.4    03 51 09  17 17 06    264 35 39  30 06 43   1.99 4.29  0.072
11/22/2012 05:00:00   11/21/2012 23:00:00   2456253.45833 2456253.46410   09:09:08.1    03 51 09  17 17 06    275 17 41  19 27 46   3.00 5.30  0.152
11/22/2012 06:00:00   11/22/2012 00:00:00   2456253.50000 2456253.50577   10:05:31.3    03 51 09  17 17 06    284 50 04  09 39 36   5.96 6.24  0.232
11/22/2012 07:00:00   11/22/2012 01:00:00   2456253.54167 2456253.54743   11:05:51.0    03 51 09  17 17 06    295 13 55  00 20 54   -164.48 7.24  0.312
11/22/2012 17:00:00   11/22/2012 11:00:00   2456253.95833 2456253.96410   21:09:08.1    03 51 09  17 17 06    70 27 37  04 59 29   11.49 -6.70  0.112
11/22/2012 18:00:00   11/22/2012 12:00:00   2456254.00000 2456254.00577   22:09:27.8    03 51 09  17 17 06    80 40 45  15 18 23   3.79 -5.69  0.192
11/22/2012 19:00:00   11/22/2012 13:00:00   2456254.04167 2456254.04743   23:09:47.5    03 51 09  17 17 06    91 05 11  25 55 42   2.29 -4.69  0.272
11/22/2012 20:00:00   11/22/2012 14:00:00   2456254.08333 2456254.08910   00:10:07.2    03 51 09  17 17 06    102 33 01  36 30 11   1.68 -3.68  0.352
11/22/2012 21:00:00   11/22/2012 15:00:00   2456254.12500 2456254.13077   01:10:27.0    03 51 09  17 17 06    116 23 57  46 32 60   1.38 -2.68  0.432
11/22/2012 22:00:00   11/22/2012 16:00:00   2456254.16667 2456254.17243   02:10:46.7    03 51 09  17 17 06    134 44 38  55 14 23   1.22 -1.67  0.512
11/22/2012 23:00:00   11/22/2012 17:00:00   2456254.20833 2456254.21410   03:11:06.4    03 51 09  17 17 06    159 56 52  61 02 38   1.14 -0.67  0.591
11/23/2012 01:00:00   11/22/2012 19:00:00   2456254.29167 2456254.29743   05:11:45.8    03 51 09  17 17 06    217 49 23  57 33 30   1.18 1.34  0.751
11/23/2012 02:00:00   11/22/2012 20:00:00   2456254.33333 2456254.33910   06:12:05.5    03 51 09  17 17 06    238 12 47  49 36 13   1.31 2.35  0.831
11/23/2012 03:00:00   11/22/2012 21:00:00   2456254.37500 2456254.38077   07:12:25.2    03 51 09  17 17 06    253 15 33  39 53 00   1.56 3.35  0.911
11/23/2012 04:00:00   11/22/2012 22:00:00   2456254.41667 2456254.42243   08:12:44.9    03 51 09  17 17 06    265 19 34  29 25 04   2.04 4.36  0.991
11/23/2012 05:00:00   11/22/2012 23:00:00   2456254.45833 2456254.46410   09:13:04.7    03 51 09  17 17 06    275 58 04  18 46 09   3.11 5.37  0.071
11/23/2012 06:00:00   11/23/2012 00:00:00   2456254.50000 2456254.50577   10:09:27.8    03 51 09  17 17 06    285 30 05  08 59 14   6.40 6.31  0.151
11/23/2012 07:00:00   11/23/2012 01:00:00   2456254.54167 2456254.54743   11:09:47.5    03 51 09  17 17 06    295 55 57  00 58 37   -58.65 7.31  0.231
11/23/2012 17:00:00   11/23/2012 11:00:00   2456254.95833 2456254.96410   21:13:04.7    03 51 09  17 17 06    71 08 09  05 38 58   10.16 -6.63  0.030
11/23/2012 18:00:00   11/23/2012 12:00:00   2456255.00000 2456255.00576   22:13:24.4    03 51 09  17 17 06    81 20 45  15 59 41   3.63 -5.63  0.110
11/23/2012 19:00:00   11/23/2012 13:00:00   2456255.04167 2456255.04743   23:13:44.1    03 51 09  17 17 06    91 47 31  26 37 30   2.23 -4.62  0.190
11/23/2012 20:00:00   11/23/2012 14:00:00   2456255.08333 2456255.08910   00:14:03.8    03 51 09  17 17 06    103 21 51  37 10 56   1.65 -3.62  0.270
11/23/2012 21:00:00   11/23/2012 15:00:00   2456255.12500 2456255.13076   01:14:23.5    03 51 09  17 17 06    117 25 58  47 10 17   1.36 -2.61  0.350
11/23/2012 22:00:00   11/23/2012 16:00:00   2456255.16667 2456255.17243   02:14:43.2    03 51 09  17 17 06    136 09 47  55 43 43   1.21 -1.61  0.430
11/23/2012 23:00:00   11/23/2012 17:00:00   2456255.20833 2456255.21410   03:15:02.9    03 51 09  17 17 06    161 50 26  61 16 19   1.14 -0.60  0.510
11/24/2012 01:00:00   11/23/2012 19:00:00   2456255.29167 2456255.29743   05:15:42.4    03 51 09  17 17 06    219 22 11  57 07 25   1.19 1.41  0.670
11/24/2012 02:00:00   11/23/2012 20:00:00   2456255.33333 2456255.33910   06:16:02.1    03 51 09  17 17 06    239 19 48  49 00 27   1.32 2.41  0.750
11/24/2012 03:00:00   11/23/2012 21:00:00   2456255.37500 2456255.38076   07:16:21.8    03 51 09  17 17 06    254 07 04  39 12 52   1.58 3.42  0.830
11/24/2012 04:00:00   11/23/2012 22:00:00   2456255.41667 2456255.42243   08:16:41.5    03 51 09  17 17 06    266 03 08  28 43 22   2.08 4.43  0.910
11/24/2012 05:00:00   11/23/2012 23:00:00   2456255.45833 2456255.46410   09:17:01.2    03 51 09  17 17 06    276 38 21  18 04 35   3.22 5.43  0.990
11/24/2012 06:00:00   11/24/2012 00:00:00   2456255.50000 2456255.50576   10:13:24.4    03 51 09  17 17 06    286 10 10  08 19 01   6.91 6.37  0.070
11/24/2012 07:00:00   11/24/2012 01:00:00   2456255.54167 2456255.54743   11:13:44.1    03 51 09  17 17 06    296 38 11  -01 36 06   -35.77 7.38  0.150
11/24/2012 17:00:00   11/24/2012 11:00:00   2456255.95833 2456255.96409   21:17:01.2    03 51 09  17 17 06    71 48 34  06 18 37   9.10 -6.57  0.949
11/24/2012 18:00:00   11/24/2012 12:00:00   2456256.00000 2456256.00576   22:17:20.9    03 51 09  17 17 06    82 00 47  16 41 04   3.48 -5.56  0.029
11/24/2012 19:00:00   11/24/2012 13:00:00   2456256.04167 2456256.04743   23:17:40.6    03 51 09  17 17 06    92 30 08  27 19 18   2.18 -4.56  0.109
11/24/2012 20:00:00   11/24/2012 14:00:00   2456256.08333 2456256.08909   00:18:00.3    03 51 09  17 17 06    104 11 19  37 51 33   1.63 -3.55  0.189
11/24/2012 21:00:00   11/24/2012 15:00:00   2456256.12500 2456256.13076   01:18:20.1    03 51 09  17 17 06    118 29 010  47 47 13   1.35 -2.55  0.269
11/24/2012 22:00:00   11/24/2012 16:00:00   2456256.16667 2456256.17242   02:18:39.8    03 51 09  17 17 06    137 36 48  56 12 18   1.20 -1.54  0.349
11/24/2012 23:00:00   11/24/2012 17:00:00   2456256.20833 2456256.21409   03:18:59.5    03 51 09  17 17 06    163 45 26  61 28 41   1.14 -0.54  0.429
11/25/2012 01:00:00   11/24/2012 19:00:00   2456256.29167 2456256.29742   05:19:38.9    03 51 09  17 17 06    220 53 03  56 40 28   1.20 1.47  0.589
11/25/2012 02:00:00   11/24/2012 20:00:00   2456256.33333 2456256.33909   06:19:58.6    03 51 09  17 17 06    240 25 31  48 24 17   1.34 2.48  0.669
11/25/2012 03:00:00   11/24/2012 21:00:00   2456256.37500 2456256.38076   07:20:18.3    03 51 09  17 17 06    254 57 52  38 32 34   1.60 3.49  0.749
11/25/2012 04:00:00   11/24/2012 22:00:00   2456256.41667 2456256.42242   08:20:38.1    03 51 09  17 17 06    266 46 22  28 01 38   2.13 4.49  0.829
11/25/2012 05:00:00   11/24/2012 23:00:00   2456256.45833 2456256.46409   09:20:57.8    03 51 09  17 17 06    277 18 33  17 23 05   3.35 5.50  0.909
11/25/2012 06:00:00   11/25/2012 00:00:00   2456256.50000 2456256.50576   10:17:20.9    03 51 09  17 17 06    286 50 19  07 38 55   7.51 6.44  0.988
11/25/2012 07:00:00   11/25/2012 01:00:00   2456256.54167 2456256.54742   11:17:40.6    03 51 09  17 17 06    297 20 38  -02 13 22   -25.78 7.44  0.068
11/25/2012 17:00:00   11/25/2012 11:00:00   2456256.95833 2456256.96409   21:20:57.8    03 51 09  17 17 06    72 28 54  06 58 25   8.24 -6.50  0.868
11/25/2012 18:00:00   11/25/2012 12:00:00   2456257.00000 2456257.00575   22:21:17.5    03 51 09  17 17 06    82 40 54  17 22 31   3.35 -5.50  0.948
11/25/2012 19:00:00   11/25/2012 13:00:00   2456257.04167 2456257.04742   23:21:37.2    03 51 09  17 17 06    93 13 02  28 01 03   2.13 -4.49  0.028
11/25/2012 20:00:00   11/25/2012 14:00:00   2456257.08333 2456257.08908   00:21:56.9    03 51 09  17 17 06    105 01 26  38 32 00   1.61 -3.49  0.108
11/25/2012 21:00:00   11/25/2012 15:00:00   2456257.12500 2456257.13075   01:22:16.6    03 51 09  17 17 06    119 33 35  48 23 47   1.34 -2.48  0.188
11/25/2012 22:00:00   11/25/2012 16:00:00   2456257.16667 2456257.17242   02:22:36.3    03 51 09  17 17 06    139 05 43  56 40 05   1.20 -1.48  0.268
11/25/2012 23:00:00   11/25/2012 17:00:00   2456257.20833 2456257.21408   03:22:56.0    03 51 09  17 17 06    165 41 46  61 39 42   1.14 -0.47  0.348
11/26/2012 01:00:00   11/25/2012 19:00:00   2456257.29167 2456257.29742   05:23:35.5    03 51 09  17 17 06    222 21 59  56 12 41   1.20 1.54  0.507
11/26/2012 02:00:00   11/25/2012 20:00:00   2456257.33333 2456257.33908   06:23:55.2    03 51 09  17 17 06    241 29 57  47 47 44   1.35 2.55  0.587
11/26/2012 03:00:00   11/25/2012 21:00:00   2456257.37500 2456257.38075   07:24:14.9    03 51 09  17 17 06    255 47 60  37 52 06   1.63 3.55  0.667
11/26/2012 04:00:00   11/25/2012 22:00:00   2456257.41667 2456257.42242   08:24:34.6    03 51 09  17 17 06    267 29 17  27 19 52   2.18 4.56  0.747
11/26/2012 05:00:00   11/25/2012 23:00:00   2456257.45833 2456257.46408   09:24:54.3    03 51 09  17 17 06    277 58 40  16 41 38   3.48 5.56  0.827
11/26/2012 06:00:00   11/26/2012 00:00:00   2456257.50000 2456257.50575   10:21:17.5    03 51 09  17 17 06    287 30 33  06 58 58   8.23 6.50  0.907
11/26/2012 07:00:00   11/26/2012 01:00:00   2456257.54167 2456257.54741   11:21:37.2    03 51 09  17 17 06    298 03 18  -02 50 24   -20.18 7.51  0.987
11/26/2012 17:00:00   11/26/2012 11:00:00   2456257.95833 2456257.96408   21:24:54.3    03 51 09  17 17 06    73 09 07  07 38 22   7.52 -6.44  0.787
11/26/2012 18:00:00   11/26/2012 12:00:00   2456258.00000 2456258.00574   22:25:14.0    03 51 09  17 17 06    83 21 05  18 04 01   3.22 -5.43  0.867
11/26/2012 19:00:00   11/26/2012 13:00:00   2456258.04167 2456258.04741   23:25:33.7    03 51 09  17 17 06    93 56 16  28 42 47   2.08 -4.43  0.946
11/26/2012 20:00:00   11/26/2012 14:00:00   2456258.08333 2456258.08908   00:25:53.5    03 51 09  17 17 06    105 52 13  39 12 19   1.58 -3.42  0.026
11/26/2012 21:00:00   11/26/2012 15:00:00   2456258.12500 2456258.13074   01:26:13.2    03 51 09  17 17 06    120 39 17  48 59 58   1.33 -2.42  0.106
11/26/2012 22:00:00   11/26/2012 16:00:00   2456258.16667 2456258.17241   02:26:32.9    03 51 09  17 17 06    140 36 33  57 07 03   1.19 -1.41  0.186
11/26/2012 23:00:00   11/26/2012 17:00:00   2456258.20833 2456258.21408   03:26:52.6    03 51 09  17 17 06    167 39 17  61 49 20   1.13 -0.40  0.266
11/27/2012 01:00:00   11/26/2012 19:00:00   2456258.29167 2456258.29741   05:27:32.0    03 51 09  17 17 06    223 49 02  55 44 07   1.21 1.61  0.426
11/27/2012 02:00:00   11/26/2012 20:00:00   2456258.33333 2456258.33907   06:27:51.7    03 51 09  17 17 06    242 33 10  47 10 48   1.36 2.61  0.506
11/27/2012 03:00:00   11/26/2012 21:00:00   2456258.37500 2456258.38074   07:28:11.4    03 51 09  17 17 06    256 37 28  37 11 30   1.65 3.62  0.586
11/27/2012 04:00:00   11/26/2012 22:00:00   2456258.41667 2456258.42241   08:28:31.2    03 51 09  17 17 06    268 11 54  26 38 05   2.23 4.62  0.666
11/27/2012 05:00:00   11/26/2012 23:00:00   2456258.45833 2456258.46407   09:28:50.9    03 51 09  17 17 06    278 38 42  16 00 16   3.63 5.63  0.746
11/27/2012 06:00:00   11/27/2012 00:00:00   2456258.50000 2456258.50574   10:25:14.0    03 51 09  17 17 06    288 10 52  06 19 010   9.09 6.57  0.826
11/27/2012 07:00:00   11/27/2012 01:00:00   2456258.54167 2456258.54741   11:25:33.7    03 51 09  17 17 06    298 46 13  -03 27 10   -16.60 7.57  0.906
11/27/2012 17:00:00   11/27/2012 11:00:00   2456258.95833 2456258.96407   21:28:50.9    03 51 09  17 17 06    73 49 17  08 18 27   6.92 -6.37  0.705
11/27/2012 18:00:00   11/27/2012 12:00:00   2456259.00000 2456259.00573   22:29:10.6    03 51 09  17 17 06    84 01 22  18 45 35   3.11 -5.37  0.785
11/27/2012 19:00:00   11/27/2012 13:00:00   2456259.04167 2456259.04740   23:29:30.3    03 51 09  17 17 06    94 39 49  29 24 29   2.04 -4.36  0.865
11/27/2012 20:00:00   11/27/2012 14:00:00   2456259.08333 2456259.08907   00:29:50.0    03 51 09  17 17 06    106 43 44  39 52 27   1.56 -3.36  0.945
11/27/2012 21:00:00   11/27/2012 15:00:00   2456259.12500 2456259.13073   01:30:09.7    03 51 09  17 17 06    121 46 17  49 35 43   1.31 -2.35  0.025
11/27/2012 22:00:00   11/27/2012 16:00:00   2456259.16667 2456259.17240   02:30:29.4    03 51 09  17 17 06    142 09 19  57 33 09   1.18 -1.34  0.105
11/27/2012 23:00:00   11/27/2012 17:00:00   2456259.20833 2456259.21406   03:30:49.2    03 51 09  17 17 06    169 37 51  61 57 34   1.13 -0.34  0.185
11/28/2012 01:00:00   11/27/2012 19:00:00   2456259.29167 2456259.29740   05:31:28.6    03 51 09  17 17 06    225 14 13  55 14 48   1.22 1.67  0.345
11/28/2012 02:00:00   11/27/2012 20:00:00   2456259.33333 2456259.33906   06:31:48.3    03 51 09  17 17 06    243 35 12  46 33 31   1.38 2.68  0.425
11/28/2012 03:00:00   11/27/2012 21:00:00   2456259.37500 2456259.38073   07:32:08.0    03 51 09  17 17 06    257 26 19  36 30 45   1.68 3.68  0.505
11/28/2012 04:00:00   11/27/2012 22:00:00   2456259.41667 2456259.42240   08:32:27.7    03 51 09  17 17 06    268 54 14  25 56 17   2.29 4.69  0.585
11/28/2012 05:00:00   11/27/2012 23:00:00   2456259.45833 2456259.46406   09:32:47.4    03 51 09  17 17 06    279 18 42  15 18 58   3.79 5.69  0.665
11/28/2012 06:00:00   11/28/2012 00:00:00   2456259.50000 2456259.50573   10:29:10.6    03 51 09  17 17 06    288 51 18  05 39 31   10.14 6.63  0.745
11/28/2012 07:00:00   11/28/2012 01:00:00   2456259.54167 2456259.54739   11:29:30.3    03 51 09  17 17 06    299 29 22  -04 03 42   -14.12 7.64  0.825
11/28/2012 17:00:00   11/28/2012 11:00:00   2456259.95833 2456259.96406   21:32:47.4    03 51 09  17 17 06    74 29 21  08 58 41   6.41 -6.31  0.624
11/28/2012 18:00:00   11/28/2012 12:00:00   2456260.00000 2456260.00572   22:33:07.1    03 51 09  17 17 06    84 41 46  19 27 11   3.00 -5.30  0.704
11/28/2012 19:00:00   11/28/2012 13:00:00   2456260.04167 2456260.04739   23:33:26.9    03 51 09  17 17 06    95 23 44  30 06 09   1.99 -4.30  0.784
11/28/2012 20:00:00   11/28/2012 14:00:00   2456260.08333 2456260.08905   00:33:46.6    03 51 09  17 17 06    107 35 58  40 32 24   1.54 -3.29  0.864
11/28/2012 21:00:00   11/28/2012 15:00:00   2456260.12500 2456260.13072   01:34:06.3    03 51 09  17 17 06    122 54 39  50 11 03   1.30 -2.28  0.944
11/28/2012 22:00:00   11/28/2012 16:00:00   2456260.16667 2456260.17239   02:34:26.0    03 51 09  17 17 06    143 44 03  57 58 21   1.18 -1.28  0.024
11/28/2012 23:00:00   11/28/2012 17:00:00   2456260.20833 2456260.21405   03:34:45.7    03 51 09  17 17 06    171 37 19  62 04 23   1.13 -0.27  0.104
11/29/2012 01:00:00   11/28/2012 19:00:00   2456260.29167 2456260.29738   05:35:25.1    03 51 09  17 17 06    226 37 33  54 44 45   1.22 1.74  0.264
11/29/2012 02:00:00   11/28/2012 20:00:00   2456260.33333 2456260.33905   06:35:44.8    03 51 09  17 17 06    244 36 06  45 55 54   1.39 2.74  0.343
11/29/2012 03:00:00   11/28/2012 21:00:00   2456260.37500 2456260.38072   07:36:04.6    03 51 09  17 17 06    258 14 35  35 49 52   1.71 3.75  0.423
11/29/2012 04:00:00   11/28/2012 22:00:00   2456260.41667 2456260.42238   08:36:24.3    03 51 09  17 17 06    269 36 19  25 14 28   2.35 4.75  0.503
11/29/2012 05:00:00   11/28/2012 23:00:00   2456260.45833 2456260.46405   09:36:44.0    03 51 09  17 17 06    279 58 38  14 37 44   3.96 5.76  0.583
